115,
126,
136,
173,
255,
302,
362,
390,
417,
437,
462,
470,
472,
556,
104,
164,
222,
247,
352,
364,
406,
476,
490,
531,
537,
539,
548,
556,
560,
639,
701,
706,
724,
768,
850,
910,
952,
960,
965,
974,
977,
1062,
1116,
1214,
1247,
1264,
1329,
1369,
1376,
1484,
1519,
1523,
1526,
1530,
1563,
1581,
1667,
1753,
1804,
1805,
1812,
1815,
1831,
1857,
1862,
1867,
1872,
1913,
14,
22,
32,
33,
35,
36,
42,
43,
44,
45,
49,
50,
61,
64,
69,
77,
78,
82,
92,
104,
105,
115,
121,
126,
130,
137,
142,
155,
170,
171,
177,
181,
182,
184,
206,
214,
218,
224,
235,
243,
251,
254,
260,
266,
270,
272,
278,
284,
285,
286,
288,
291,
293,
297,
299,
300,
304,
306,
309,
313,
314,
327,
341,
343,
344,
347,
348,
349,
351,
353,
357,
359,
361,
362,
364,
366,
367,
368,
370,
371,
372,
377,
378,
379,
380,
382,
383,
387,
388,
389,
390,
439,
661,
940,
1348,
1388,
1759,
1802,
1867,
1956,
1982,
1983,
1996,
2003,
2009,
2035,
2036,
2073,
2099,
2125,
2129,
2133,
2162,
2209,
2210,
2298,
2429,
2451,
2646,
2787,
2943,
2967,
2971,
2989,
2992,
3000,
3062,
3098,
3186,
3288,
3289,
3328,
3365,
3408,
3488,
3526,
3531,
3616,
3685,
3688,
3715,
3738,
3771,
3781,
3783,
3786,
3793,
3799,
3811,
3815,
3817,
3820,
3823,
3829,
3831,
3835,
3839,
3844,
3848,
3849,
3851,
3858,
3860,
3863,
3871,
3873,
3874,
3903,
3931,
3932,
3934,
3937,
3941,
3951,
3952,
3956,
3964,
3967,
3977,
3984,
3985,
3989,
3996,
3998,
4001,
4006,
4011,
4012,
4020,
4024,
4025,
4027,
4029,
4033,
4058,
4070,
4072,
4074,
4084,
4087,
4089,
4095,
4097,
4104,
4105,
4108,
4112,
4113,
4115,
4118,
4120,
4124,
4130,
4134,
4150,
4152,
4162,
4181,
4225,
4232,
4248,
4300,
4308,
4311,
4321,
4375,
4432,
4474,
4482,
4489,
4493,
4512,
4524,
4526,
4567,
4572,
4577,
4597,
4604,
4605,
4607,
4630,
4633,
4638,
4651,
4657,
4658,
4668,
4690,
4695,
4707,
4708,
4713,
4722,
4733,
4734,
4750,
4753,
4763,
4774,
4779,
4789,
4794,
4795,
4798,
4800,
4802,
4803,
4805,
4810,
4814,
4819,
4821,
4869,
4891,
4899,
4938,
4943,
4972,
4979,
5023,
5034,
5035,
5077,
5082,
5105,
5119,
5127,
5156,
5180,
5192,
5237,
5265,
5266,
5273,
5279,
5287,
5294,
5295,
5308,
5315,
5316,
5319,
5325,
5337,
5343,
5346,
5348,
5351,
5353,
5354,
5360,
5361,
5365,
5368,
5370,
5373,
5377,
5392,
5416,
5427,
5430,
5442,
5453,
5478,
5479,
5485,
5489,
5509,
5514,
5516,
5525,
5549,
5582,
5597,
5600,
5607,
5619,
5624,
5630,
5640,
5644,
5657,
5658,
5659,
5660,
5662,
5665,
5666,
5682,
5685,
5706,
5707,
5710,
5713,
5716,
5717,
5719,
5727,
5728,
5729,
5730,
5731,
5732,
5735,
5747,
5757,
5762,
5764,
5773,
5785,
5786,
5798,
5799,
5802,
5807,
5809,
5817,
5820,
5822,
5823,
5825,
5827,
5829,
5831,
5834,
5835,
5836,
5840,
5841,
5842,
5843,
5845,
5853,
5854,
5855,
5856,
5859,
5861,
5862,
5865,
5868,
5880,
5881,
5889,
5890,
5892,
5893,
5897,
5905,
5914,
5915,
5916,
5920,
5928,
5937,
5939,
5940,
5941,
5942,
5947,
5948,
5949,
5951,
5952,
5953,
5956,
5961,
5963,
5964,
5976,
5977,
5978,
5981,
5982,
5988,
5989,
5993,
5994,
5996,
5998,
5999,
6001,
6006,
6014,
6017,
6019,
6030,
6036,
6043,
6044,
6045,
6055,
6056,
6060,
6066,
6067,
6069,
6070,
6077,
6088,
6093,
6095,
6099,
6100,
6101,
6102,
6106,
6107,
6116,
6139,
6140,
6143,
6144,
6145,
6148,
6150,
6151,
6154,
6157,
6158,
6160,
6161,
6164,
6166,
6168,
6170,
6171,
6174,
6175,
6181,
6183,
6185,
6189,
6193,
6202,
6215,
6217,
6218,
6219,
6225,
6231,
6234,
6242,
6259,
6264,
6272,
6281,
6290,
6298,
6299,
6300,
6306,
6310,
6319,
6321,
6329,
6330,
6332,
6334,
6336,
6362,
6369,
6371,
6385,
6387,
6389,
6390,
6391,
6404,
6405,
6418,
6425,
6429,
6442,
6451,
6455,
6462,
6466,
6479,
6483,
6488,
6489,
6497,
6500,
6505,
6506,
6509,
6514,
6523,
6529,
6530,
6532,
6535,
6536,
6538,
6539,
6540,
6542,
6547,
6552,
6553,
6560,
6581,
6584,
6587,
6596,
6600,
6603,
6604,
6606,
6608,
6612,
6615,
6617,
6619,
6620,
6623,
6627,
6628,
6635,
6640,
6642,
6645,
6646,
6648,
6652,
6653,
6655,
6657,
6658,
6659,
6661,
6664,
6674,
6679,
6680,
6681,
6688,
6692,
6693,
6699,
6700,
6703,
6711,
6712,
6721,
6739,
6747,
6749,
6750,
6751,
6758,
6761,
6765,
6768,
6785,
6787,
6795,
6809,
6826,
6830,
6844,
6847,
6849,
6854,
6856,
6893,
6900,
6902,
6909,
6914,
6922,
6923,
6930,
6955,
6956,
6964,
7021,
7028,
7035,
7065,
